1
142 -306 1155
138 -345 1183
126 -333 1177
161 -323 1182
139 -357 1183
139 -344 1189
149 -337 1167
144 -355 1152
135 -320 1183
123 -319 1142
117 -307 1200
156 -345 1193
144 -361 1180
139 -347 1145
159 -320 1171
156 -335 1199
127 -319 1179
164 -345 1196
137 -341 1191
153 -336 1166
134 -321 1160
152 -336 1187
124 -349 1166
155 -329 1167
131 -328 1167
125 -353 1168
112 -312 1188
140 -340 1212
151 -353 1180
156 -330 1174
162 -336 1209
148 -368 1151
135 -330 1164
122 -303 1191
160 -333 1207
153 -328 1177
155 -344 1200
135 -330 1171
172 -312 1209
151 -336 1169
143 -328 1159
143 -333 1187
143 -343 1193
127 -338 1160
139 -1045 710
369 -581 975
278 -573 1031
281 -578 1008
253 -564 1039
276 -556 1064
327 -665 1017
280 -729 926
367 -691 1249
383 -645 980
403 -525 1072
240 -505 1104
572 -415 1115
622 -272 1037
712 -288 799
703 -179 1205
739 -102 896
691 -128 909
704 -96 963
737 -200 941
575 -209 1119
527 0 969
728 172 564
684 184 1318
531 80 1083
607 34 1023
631 199 943
639 204 927
659 153 799
707 255 926
739 143 863
734 136 854
726 148 867
712 157 871
723 127 824
705 159 870
664 159 859
704 154 887
739 195 835
719 125 817
705 144 801
744 151 878
715 153 898
751 152 864
738 142 838
741 158 808
1
767 -238 828
799 -261 815
768 -227 771
753 -240 822
753 -241 807
799 -248 788
760 -251 760
782 -234 851
765 -240 788
771 -244 820
750 -240 800
782 -223 808
767 -228 817
753 -207 831
736 -223 871
720 -200 890
698 -238 892
736 -222 886
755 -206 870
634 -250 831
688 -169 912
680 -125 918
707 -132 883
636 -136 924
704 -135 928
620 -105 1015
451 -49 1055
412 -52 1066
453 -76 1055
567 -16 1052
657 19 1118
622 -25 1043
594 14 1116
493 20 992
551 -9 1028
588 -28 1021
595 0 1016
611 51 1008
624 56 1043
615 76 1059
576 79 1037
608 71 1016
590 82 1072
617 89 1031
584 64 995
